
 Cantidad de primos - 1
 Primos encontrados - [6067]
 Cantidad de primos - 2
 Primos encontrados - [6067, 6883]
 Cantidad de primos - 3
 Primos encontrados - [6067, 6883, 4349]
 Cantidad de primos - 4
 Primos encontrados - [6067, 6883, 4349, 6037]
 Cantidad de primos - 5
 Primos encontrados - [6067, 6883, 4349, 6037, 2447]
 Cantidad de primos - 6
 Primos encontrados - [6067, 6883, 4349, 6037, 2447, 6173]
 Cantidad de primos - 7
 Primos encontrados - [6067, 6883, 4349, 6037, 2447, 6173, 9257]
 Cantidad de primos - 8
 Primos encontrados - [6067, 6883, 4349, 6037, 2447, 6173, 9257, 4639]
 Cantidad de primos - 9
 Primos encontrados - [6067, 6883, 4349, 6037, 2447, 6173, 9257, 4639, 6871]
 Cantidad de primos - 10
 Primos encontrados - [6067, 6883, 4349, 6037, 2447, 6173, 9257, 4639, 6871, 2243]
 Cantidad de primos - 11
 Primos encontrados - [6067, 6883, 4349, 6037, 2447, 6173, 9257, 4639, 6871, 2243, 6491]
 Cantidad de primos - 12
 Primos encontrados - [6067, 6883, 4349, 6037, 2447, 6173, 9257, 4639, 6871, 2243, 6491, 6053]
 Cantidad de primos - 13
 Primos encontrados - [6067, 6883, 4349, 6037, 2447, 6173, 9257, 4639, 6871, 2243, 6491, 6053, 3023]
 Cantidad de primos - 14
 Primos encontrados - [6067, 6883, 4349, 6037, 2447, 6173, 9257, 4639, 6871, 2243, 6491, 6053, 3023, 1669]
 Cantidad de primos - 15
 Primos encontrados - [6067, 6883, 4349, 6037, 2447, 6173, 9257, 4639, 6871, 2243, 6491, 6053, 3023, 1669, 4129]
 Cantidad de primos - 16
 Primos encontrados - [6067, 6883, 4349, 6037, 2447, 6173, 9257, 4639, 6871, 2243, 6491, 6053, 3023, 1669, 4129, 7247]
 Cantidad de primos - 17
 Primos encontrados - [6067, 6883, 4349, 6037, 2447, 6173, 9257, 4639, 6871, 2243, 6491, 6053, 3023, 1669, 4129, 7247, 373]
 Cantidad de primos - 18
 Primos encontrados - [6067, 6883, 4349, 6037, 2447, 6173, 9257, 4639, 6871, 2243, 6491, 6053, 3023, 1669, 4129, 7247, 373, 2137]
 Cantidad de primos - 19
 Primos encontrados - [6067, 6883, 4349, 6037, 2447, 6173, 9257, 4639, 6871, 2243, 6491, 6053, 3023, 1669, 4129, 7247, 373, 2137, 2417]
 Cantidad de primos - 20
 Primos encontrados - [6067, 6883, 4349, 6037, 2447, 6173, 9257, 4639, 6871, 2243, 6491, 6053, 3023, 1669, 4129, 7247, 373, 2137, 2417, 397]
 Cantidad de primos - 21
 Primos encontrados - [6067, 6883, 4349, 6037, 2447, 6173, 9257, 4639, 6871, 2243, 6491, 6053, 3023, 1669, 4129, 7247, 373, 2137, 2417, 397, 311]
 Cantidad de primos - 22
 Primos encontrados - [6067, 6883, 4349, 6037, 2447, 6173, 9257, 4639, 6871, 2243, 6491, 6053, 3023, 1669, 4129, 7247, 373, 2137, 2417, 397, 311, 47]
 Cantidad de primos - 23
 Primos encontrados - [6067, 6883, 4349, 6037, 2447, 6173, 9257, 4639, 6871, 2243, 6491, 6053, 3023, 1669, 4129, 7247, 373, 2137, 2417, 397, 311, 47, 7]
 Cantidad de primos - 24
 Primos encontrados - [6067, 6883, 4349, 6037, 2447, 6173, 9257, 4639, 6871, 2243, 6491, 6053, 3023, 1669, 4129, 7247, 373, 2137, 2417, 397, 311, 47, 7, 1277]
 Cantidad de primos - 25
 Primos encontrados - [6067, 6883, 4349, 6037, 2447, 6173, 9257, 4639, 6871, 2243, 6491, 6053, 3023, 1669, 4129, 7247, 373, 2137, 2417, 397, 311, 47, 7, 1277, 4549]
 Cantidad de primos - 26
 Primos encontrados - [6067, 6883, 4349, 6037, 2447, 6173, 9257, 4639, 6871, 2243, 6491, 6053, 3023, 1669, 4129, 7247, 373, 2137, 2417, 397, 311, 47, 7, 1277, 4549, 2833]
 Cantidad de primos - 27
 Primos encontrados - [6067, 6883, 4349, 6037, 2447, 6173, 9257, 4639, 6871, 2243, 6491, 6053, 3023, 1669, 4129, 7247, 373, 2137, 2417, 397, 311, 47, 7, 1277, 4549, 2833, 5743]
 Cantidad de primos - 28
 Primos encontrados - [6067, 6883, 4349, 6037, 2447, 6173, 9257, 4639, 6871, 2243, 6491, 6053, 3023, 1669, 4129, 7247, 373, 2137, 2417, 397, 311, 47, 7, 1277, 4549, 2833, 5743, 8161]
 Cantidad de primos - 29
 Primos encontrados - [6067, 6883, 4349, 6037, 2447, 6173, 9257, 4639, 6871, 2243, 6491, 6053, 3023, 1669, 4129, 7247, 373, 2137, 2417, 397, 311, 47, 7, 1277, 4549, 2833, 5743, 8161, 8059]
 Cantidad de primos - 30
 Primos encontrados - [6067, 6883, 4349, 6037, 2447, 6173, 9257, 4639, 6871, 2243, 6491, 6053, 3023, 1669, 4129, 7247, 373, 2137, 2417, 397, 311, 47, 7, 1277, 4549, 2833, 5743, 8161, 8059, 6803]
 Cantidad de primos - 31
 Primos encontrados - [6067, 6883, 4349, 6037, 2447, 6173, 9257, 4639, 6871, 2243, 6491, 6053, 3023, 1669, 4129, 7247, 373, 2137, 2417, 397, 311, 47, 7, 1277, 4549, 2833, 5743, 8161, 8059, 6803, 2999]
 Cantidad de primos - 32
 Primos encontrados - [6067, 6883, 4349, 6037, 2447, 6173, 9257, 4639, 6871, 2243, 6491, 6053, 3023, 1669, 4129, 7247, 373, 2137, 2417, 397, 311, 47, 7, 1277, 4549, 2833, 5743, 8161, 8059, 6803, 2999, 6007]
 Cantidad de primos - 33
 Primos encontrados - [6067, 6883, 4349, 6037, 2447, 6173, 9257, 4639, 6871, 2243, 6491, 6053, 3023, 1669, 4129, 7247, 373, 2137, 2417, 397, 311, 47, 7, 1277, 4549, 2833, 5743, 8161, 8059, 6803, 2999, 6007, 5953]
 Cantidad de primos - 34
 Primos encontrados - [6067, 6883, 4349, 6037, 2447, 6173, 9257, 4639, 6871, 2243, 6491, 6053, 3023, 1669, 4129, 7247, 373, 2137, 2417, 397, 311, 47, 7, 1277, 4549, 2833, 5743, 8161, 8059, 6803, 2999, 6007, 5953, 3457]
 Cantidad de primos - 35
 Primos encontrados - [6067, 6883, 4349, 6037, 2447, 6173, 9257, 4639, 6871, 2243, 6491, 6053, 3023, 1669, 4129, 7247, 373, 2137, 2417, 397, 311, 47, 7, 1277, 4549, 2833, 5743, 8161, 8059, 6803, 2999, 6007, 5953, 3457, 4273]
 Cantidad de primos - 36
 Primos encontrados - [6067, 6883, 4349, 6037, 2447, 6173, 9257, 4639, 6871, 2243, 6491, 6053, 3023, 1669, 4129, 7247, 373, 2137, 2417, 397, 311, 47, 7, 1277, 4549, 2833, 5743, 8161, 8059, 6803, 2999, 6007, 5953, 3457, 4273, 7823]
 Cantidad de primos - 37
 Primos encontrados - [6067, 6883, 4349, 6037, 2447, 6173, 9257, 4639, 6871, 2243, 6491, 6053, 3023, 1669, 4129, 7247, 373, 2137, 2417, 397, 311, 47, 7, 1277, 4549, 2833, 5743, 8161, 8059, 6803, 2999, 6007, 5953, 3457, 4273, 7823, 8923]
 Cantidad de primos - 38
 Primos encontrados - [6067, 6883, 4349, 6037, 2447, 6173, 9257, 4639, 6871, 2243, 6491, 6053, 3023, 1669, 4129, 7247, 373, 2137, 2417, 397, 311, 47, 7, 1277, 4549, 2833, 5743, 8161, 8059, 6803, 2999, 6007, 5953, 3457, 4273, 7823, 8923, 8081]
 Cantidad de primos - 39
 Primos encontrados - [6067, 6883, 4349, 6037, 2447, 6173, 9257, 4639, 6871, 2243, 6491, 6053, 3023, 1669, 4129, 7247, 373, 2137, 2417, 397, 311, 47, 7, 1277, 4549, 2833, 5743, 8161, 8059, 6803, 2999, 6007, 5953, 3457, 4273, 7823, 8923, 8081, 1229]
 Cantidad de primos - 40
 Primos encontrados - [6067, 6883, 4349, 6037, 2447, 6173, 9257, 4639, 6871, 2243, 6491, 6053, 3023, 1669, 4129, 7247, 373, 2137, 2417, 397, 311, 47, 7, 1277, 4549, 2833, 5743, 8161, 8059, 6803, 2999, 6007, 5953, 3457, 4273, 7823, 8923, 8081, 1229, 6829]
 Cantidad de primos - 41
 Primos encontrados - [6067, 6883, 4349, 6037, 2447, 6173, 9257, 4639, 6871, 2243, 6491, 6053, 3023, 1669, 4129, 7247, 373, 2137, 2417, 397, 311, 47, 7, 1277, 4549, 2833, 5743, 8161, 8059, 6803, 2999, 6007, 5953, 3457, 4273, 7823, 8923, 8081, 1229, 6829, 7321]
 Cantidad de primos - 42
 Primos encontrados - [6067, 6883, 4349, 6037, 2447, 6173, 9257, 4639, 6871, 2243, 6491, 6053, 3023, 1669, 4129, 7247, 373, 2137, 2417, 397, 311, 47, 7, 1277, 4549, 2833, 5743, 8161, 8059, 6803, 2999, 6007, 5953, 3457, 4273, 7823, 8923, 8081, 1229, 6829, 7321, 883]
 Cantidad de primos - 43
 Primos encontrados - [6067, 6883, 4349, 6037, 2447, 6173, 9257, 4639, 6871, 2243, 6491, 6053, 3023, 1669, 4129, 7247, 373, 2137, 2417, 397, 311, 47, 7, 1277, 4549, 2833, 5743, 8161, 8059, 6803, 2999, 6007, 5953, 3457, 4273, 7823, 8923, 8081, 1229, 6829, 7321, 883, 3187]
 Cantidad de primos - 44
 Primos encontrados - [6067, 6883, 4349, 6037, 2447, 6173, 9257, 4639, 6871, 2243, 6491, 6053, 3023, 1669, 4129, 7247, 373, 2137, 2417, 397, 311, 47, 7, 1277, 4549, 2833, 5743, 8161, 8059, 6803, 2999, 6007, 5953, 3457, 4273, 7823, 8923, 8081, 1229, 6829, 7321, 883, 3187, 2129]
 Cantidad de primos - 45
 Primos encontrados - [6067, 6883, 4349, 6037, 2447, 6173, 9257, 4639, 6871, 2243, 6491, 6053, 3023, 1669, 4129, 7247, 373, 2137, 2417, 397, 311, 47, 7, 1277, 4549, 2833, 5743, 8161, 8059, 6803, 2999, 6007, 5953, 3457, 4273, 7823, 8923, 8081, 1229, 6829, 7321, 883, 3187, 2129, 9181]
 Cantidad de primos - 46
 Primos encontrados - [6067, 6883, 4349, 6037, 2447, 6173, 9257, 4639, 6871, 2243, 6491, 6053, 3023, 1669, 4129, 7247, 373, 2137, 2417, 397, 311, 47, 7, 1277, 4549, 2833, 5743, 8161, 8059, 6803, 2999, 6007, 5953, 3457, 4273, 7823, 8923, 8081, 1229, 6829, 7321, 883, 3187, 2129, 9181, 379]
 Cantidad de primos - 47
 Primos encontrados - [6067, 6883, 4349, 6037, 2447, 6173, 9257, 4639, 6871, 2243, 6491, 6053, 3023, 1669, 4129, 7247, 373, 2137, 2417, 397, 311, 47, 7, 1277, 4549, 2833, 5743, 8161, 8059, 6803, 2999, 6007, 5953, 3457, 4273, 7823, 8923, 8081, 1229, 6829, 7321, 883, 3187, 2129, 9181, 379, 5641]
 Cantidad de primos - 48
 Primos encontrados - [6067, 6883, 4349, 6037, 2447, 6173, 9257, 4639, 6871, 2243, 6491, 6053, 3023, 1669, 4129, 7247, 373, 2137, 2417, 397, 311, 47, 7, 1277, 4549, 2833, 5743, 8161, 8059, 6803, 2999, 6007, 5953, 3457, 4273, 7823, 8923, 8081, 1229, 6829, 7321, 883, 3187, 2129, 9181, 379, 5641, 2161]
 Cantidad de primos - 49
 Primos encontrados - [6067, 6883, 4349, 6037, 2447, 6173, 9257, 4639, 6871, 2243, 6491, 6053, 3023, 1669, 4129, 7247, 373, 2137, 2417, 397, 311, 47, 7, 1277, 4549, 2833, 5743, 8161, 8059, 6803, 2999, 6007, 5953, 3457, 4273, 7823, 8923, 8081, 1229, 6829, 7321, 883, 3187, 2129, 9181, 379, 5641, 2161, 3659]
 Cantidad de primos - 50
 Primos encontrados - [6067, 6883, 4349, 6037, 2447, 6173, 9257, 4639, 6871, 2243, 6491, 6053, 3023, 1669, 4129, 7247, 373, 2137, 2417, 397, 311, 47, 7, 1277, 4549, 2833, 5743, 8161, 8059, 6803, 2999, 6007, 5953, 3457, 4273, 7823, 8923, 8081, 1229, 6829, 7321, 883, 3187, 2129, 9181, 379, 5641, 2161, 3659, 6101]
 Cantidad de primos - 51
 Primos encontrados - [6067, 6883, 4349, 6037, 2447, 6173, 9257, 4639, 6871, 2243, 6491, 6053, 3023, 1669, 4129, 7247, 373, 2137, 2417, 397, 311, 47, 7, 1277, 4549, 2833, 5743, 8161, 8059, 6803, 2999, 6007, 5953, 3457, 4273, 7823, 8923, 8081, 1229, 6829, 7321, 883, 3187, 2129, 9181, 379, 5641, 2161, 3659, 6101, 4937]
 Cantidad de primos - 52
 Primos encontrados - [6067, 6883, 4349, 6037, 2447, 6173, 9257, 4639, 6871, 2243, 6491, 6053, 3023, 1669, 4129, 7247, 373, 2137, 2417, 397, 311, 47, 7, 1277, 4549, 2833, 5743, 8161, 8059, 6803, 2999, 6007, 5953, 3457, 4273, 7823, 8923, 8081, 1229, 6829, 7321, 883, 3187, 2129, 9181, 379, 5641, 2161, 3659, 6101, 4937, 2]
 Cantidad de primos - 53
 Primos encontrados - [6067, 6883, 4349, 6037, 2447, 6173, 9257, 4639, 6871, 2243, 6491, 6053, 3023, 1669, 4129, 7247, 373, 2137, 2417, 397, 311, 47, 7, 1277, 4549, 2833, 5743, 8161, 8059, 6803, 2999, 6007, 5953, 3457, 4273, 7823, 8923, 8081, 1229, 6829, 7321, 883, 3187, 2129, 9181, 379, 5641, 2161, 3659, 6101, 4937, 2, 8447]
 Cantidad de primos - 54
 Primos encontrados - [6067, 6883, 4349, 6037, 2447, 6173, 9257, 4639, 6871, 2243, 6491, 6053, 3023, 1669, 4129, 7247, 373, 2137, 2417, 397, 311, 47, 7, 1277, 4549, 2833, 5743, 8161, 8059, 6803, 2999, 6007, 5953, 3457, 4273, 7823, 8923, 8081, 1229, 6829, 7321, 883, 3187, 2129, 9181, 379, 5641, 2161, 3659, 6101, 4937, 2, 8447, 7477]
 Cantidad de primos - 55
 Primos encontrados - [6067, 6883, 4349, 6037, 2447, 6173, 9257, 4639, 6871, 2243, 6491, 6053, 3023, 1669, 4129, 7247, 373, 2137, 2417, 397, 311, 47, 7, 1277, 4549, 2833, 5743, 8161, 8059, 6803, 2999, 6007, 5953, 3457, 4273, 7823, 8923, 8081, 1229, 6829, 7321, 883, 3187, 2129, 9181, 379, 5641, 2161, 3659, 6101, 4937, 2, 8447, 7477, 1933]
 Cantidad de primos - 56
 Primos encontrados - [6067, 6883, 4349, 6037, 2447, 6173, 9257, 4639, 6871, 2243, 6491, 6053, 3023, 1669, 4129, 7247, 373, 2137, 2417, 397, 311, 47, 7, 1277, 4549, 2833, 5743, 8161, 8059, 6803, 2999, 6007, 5953, 3457, 4273, 7823, 8923, 8081, 1229, 6829, 7321, 883, 3187, 2129, 9181, 379, 5641, 2161, 3659, 6101, 4937, 2, 8447, 7477, 1933, 3259]
 Cantidad de primos - 57
 Primos encontrados - [6067, 6883, 4349, 6037, 2447, 6173, 9257, 4639, 6871, 2243, 6491, 6053, 3023, 1669, 4129, 7247, 373, 2137, 2417, 397, 311, 47, 7, 1277, 4549, 2833, 5743, 8161, 8059, 6803, 2999, 6007, 5953, 3457, 4273, 7823, 8923, 8081, 1229, 6829, 7321, 883, 3187, 2129, 9181, 379, 5641, 2161, 3659, 6101, 4937, 2, 8447, 7477, 1933, 3259, 5303]
 Cantidad de primos - 58
 Primos encontrados - [6067, 6883, 4349, 6037, 2447, 6173, 9257, 4639, 6871, 2243, 6491, 6053, 3023, 1669, 4129, 7247, 373, 2137, 2417, 397, 311, 47, 7, 1277, 4549, 2833, 5743, 8161, 8059, 6803, 2999, 6007, 5953, 3457, 4273, 7823, 8923, 8081, 1229, 6829, 7321, 883, 3187, 2129, 9181, 379, 5641, 2161, 3659, 6101, 4937, 2, 8447, 7477, 1933, 3259, 5303, 499]
 Cantidad de primos - 59
 Primos encontrados - [6067, 6883, 4349, 6037, 2447, 6173, 9257, 4639, 6871, 2243, 6491, 6053, 3023, 1669, 4129, 7247, 373, 2137, 2417, 397, 311, 47, 7, 1277, 4549, 2833, 5743, 8161, 8059, 6803, 2999, 6007, 5953, 3457, 4273, 7823, 8923, 8081, 1229, 6829, 7321, 883, 3187, 2129, 9181, 379, 5641, 2161, 3659, 6101, 4937, 2, 8447, 7477, 1933, 3259, 5303, 499, 1523]
 Cantidad de primos - 60
 Primos encontrados - [6067, 6883, 4349, 6037, 2447, 6173, 9257, 4639, 6871, 2243, 6491, 6053, 3023, 1669, 4129, 7247, 373, 2137, 2417, 397, 311, 47, 7, 1277, 4549, 2833, 5743, 8161, 8059, 6803, 2999, 6007, 5953, 3457, 4273, 7823, 8923, 8081, 1229, 6829, 7321, 883, 3187, 2129, 9181, 379, 5641, 2161, 3659, 6101, 4937, 2, 8447, 7477, 1933, 3259, 5303, 499, 1523, 9239]
 Cantidad de primos - 61
 Primos encontrados - [6067, 6883, 4349, 6037, 2447, 6173, 9257, 4639, 6871, 2243, 6491, 6053, 3023, 1669, 4129, 7247, 373, 2137, 2417, 397, 311, 47, 7, 1277, 4549, 2833, 5743, 8161, 8059, 6803, 2999, 6007, 5953, 3457, 4273, 7823, 8923, 8081, 1229, 6829, 7321, 883, 3187, 2129, 9181, 379, 5641, 2161, 3659, 6101, 4937, 2, 8447, 7477, 1933, 3259, 5303, 499, 1523, 9239, 5987]
 Cantidad de primos - 62
 Primos encontrados - [6067, 6883, 4349, 6037, 2447, 6173, 9257, 4639, 6871, 2243, 6491, 6053, 3023, 1669, 4129, 7247, 373, 2137, 2417, 397, 311, 47, 7, 1277, 4549, 2833, 5743, 8161, 8059, 6803, 2999, 6007, 5953, 3457, 4273, 7823, 8923, 8081, 1229, 6829, 7321, 883, 3187, 2129, 9181, 379, 5641, 2161, 3659, 6101, 4937, 2, 8447, 7477, 1933, 3259, 5303, 499, 1523, 9239, 5987, 1801]
 Cantidad de primos - 63
 Primos encontrados - [6067, 6883, 4349, 6037, 2447, 6173, 9257, 4639, 6871, 2243, 6491, 6053, 3023, 1669, 4129, 7247, 373, 2137, 2417, 397, 311, 47, 7, 1277, 4549, 2833, 5743, 8161, 8059, 6803, 2999, 6007, 5953, 3457, 4273, 7823, 8923, 8081, 1229, 6829, 7321, 883, 3187, 2129, 9181, 379, 5641, 2161, 3659, 6101, 4937, 2, 8447, 7477, 1933, 3259, 5303, 499, 1523, 9239, 5987, 1801, 6397]
 Cantidad de primos - 64
 Primos encontrados - [6067, 6883, 4349, 6037, 2447, 6173, 9257, 4639, 6871, 2243, 6491, 6053, 3023, 1669, 4129, 7247, 373, 2137, 2417, 397, 311, 47, 7, 1277, 4549, 2833, 5743, 8161, 8059, 6803, 2999, 6007, 5953, 3457, 4273, 7823, 8923, 8081, 1229, 6829, 7321, 883, 3187, 2129, 9181, 379, 5641, 2161, 3659, 6101, 4937, 2, 8447, 7477, 1933, 3259, 5303, 499, 1523, 9239, 5987, 1801, 6397, 6047]
 Cantidad de primos - 65
 Primos encontrados - [6067, 6883, 4349, 6037, 2447, 6173, 9257, 4639, 6871, 2243, 6491, 6053, 3023, 1669, 4129, 7247, 373, 2137, 2417, 397, 311, 47, 7, 1277, 4549, 2833, 5743, 8161, 8059, 6803, 2999, 6007, 5953, 3457, 4273, 7823, 8923, 8081, 1229, 6829, 7321, 883, 3187, 2129, 9181, 379, 5641, 2161, 3659, 6101, 4937, 2, 8447, 7477, 1933, 3259, 5303, 499, 1523, 9239, 5987, 1801, 6397, 6047, 6581]
 Cantidad de primos - 66
 Primos encontrados - [6067, 6883, 4349, 6037, 2447, 6173, 9257, 4639, 6871, 2243, 6491, 6053, 3023, 1669, 4129, 7247, 373, 2137, 2417, 397, 311, 47, 7, 1277, 4549, 2833, 5743, 8161, 8059, 6803, 2999, 6007, 5953, 3457, 4273, 7823, 8923, 8081, 1229, 6829, 7321, 883, 3187, 2129, 9181, 379, 5641, 2161, 3659, 6101, 4937, 2, 8447, 7477, 1933, 3259, 5303, 499, 1523, 9239, 5987, 1801, 6397, 6047, 6581, 6163]
 Cantidad de primos - 67
 Primos encontrados - [6067, 6883, 4349, 6037, 2447, 6173, 9257, 4639, 6871, 2243, 6491, 6053, 3023, 1669, 4129, 7247, 373, 2137, 2417, 397, 311, 47, 7, 1277, 4549, 2833, 5743, 8161, 8059, 6803, 2999, 6007, 5953, 3457, 4273, 7823, 8923, 8081, 1229, 6829, 7321, 883, 3187, 2129, 9181, 379, 5641, 2161, 3659, 6101, 4937, 2, 8447, 7477, 1933, 3259, 5303, 499, 1523, 9239, 5987, 1801, 6397, 6047, 6581, 6163, 5507]
 Cantidad de primos - 68
 Primos encontrados - [6067, 6883, 4349, 6037, 2447, 6173, 9257, 4639, 6871, 2243, 6491, 6053, 3023, 1669, 4129, 7247, 373, 2137, 2417, 397, 311, 47, 7, 1277, 4549, 2833, 5743, 8161, 8059, 6803, 2999, 6007, 5953, 3457, 4273, 7823, 8923, 8081, 1229, 6829, 7321, 883, 3187, 2129, 9181, 379, 5641, 2161, 3659, 6101, 4937, 2, 8447, 7477, 1933, 3259, 5303, 499, 1523, 9239, 5987, 1801, 6397, 6047, 6581, 6163, 5507, 5351]
 Cantidad de primos - 69
 Primos encontrados - [6067, 6883, 4349, 6037, 2447, 6173, 9257, 4639, 6871, 2243, 6491, 6053, 3023, 1669, 4129, 7247, 373, 2137, 2417, 397, 311, 47, 7, 1277, 4549, 2833, 5743, 8161, 8059, 6803, 2999, 6007, 5953, 3457, 4273, 7823, 8923, 8081, 1229, 6829, 7321, 883, 3187, 2129, 9181, 379, 5641, 2161, 3659, 6101, 4937, 2, 8447, 7477, 1933, 3259, 5303, 499, 1523, 9239, 5987, 1801, 6397, 6047, 6581, 6163, 5507, 5351, 4871]
 Cantidad de primos - 70
 Primos encontrados - [6067, 6883, 4349, 6037, 2447, 6173, 9257, 4639, 6871, 2243, 6491, 6053, 3023, 1669, 4129, 7247, 373, 2137, 2417, 397, 311, 47, 7, 1277, 4549, 2833, 5743, 8161, 8059, 6803, 2999, 6007, 5953, 3457, 4273, 7823, 8923, 8081, 1229, 6829, 7321, 883, 3187, 2129, 9181, 379, 5641, 2161, 3659, 6101, 4937, 2, 8447, 7477, 1933, 3259, 5303, 499, 1523, 9239, 5987, 1801, 6397, 6047, 6581, 6163, 5507, 5351, 4871, 7433]
 Cantidad de primos - 71
 Primos encontrados - [6067, 6883, 4349, 6037, 2447, 6173, 9257, 4639, 6871, 2243, 6491, 6053, 3023, 1669, 4129, 7247, 373, 2137, 2417, 397, 311, 47, 7, 1277, 4549, 2833, 5743, 8161, 8059, 6803, 2999, 6007, 5953, 3457, 4273, 7823, 8923, 8081, 1229, 6829, 7321, 883, 3187, 2129, 9181, 379, 5641, 2161, 3659, 6101, 4937, 2, 8447, 7477, 1933, 3259, 5303, 499, 1523, 9239, 5987, 1801, 6397, 6047, 6581, 6163, 5507, 5351, 4871, 7433, 193]
 Cantidad de primos - 72
 Primos encontrados - [6067, 6883, 4349, 6037, 2447, 6173, 9257, 4639, 6871, 2243, 6491, 6053, 3023, 1669, 4129, 7247, 373, 2137, 2417, 397, 311, 47, 7, 1277, 4549, 2833, 5743, 8161, 8059, 6803, 2999, 6007, 5953, 3457, 4273, 7823, 8923, 8081, 1229, 6829, 7321, 883, 3187, 2129, 9181, 379, 5641, 2161, 3659, 6101, 4937, 2, 8447, 7477, 1933, 3259, 5303, 499, 1523, 9239, 5987, 1801, 6397, 6047, 6581, 6163, 5507, 5351, 4871, 7433, 193, 1879]
 Cantidad de primos - 73
 Primos encontrados - [6067, 6883, 4349, 6037, 2447, 6173, 9257, 4639, 6871, 2243, 6491, 6053, 3023, 1669, 4129, 7247, 373, 2137, 2417, 397, 311, 47, 7, 1277, 4549, 2833, 5743, 8161, 8059, 6803, 2999, 6007, 5953, 3457, 4273, 7823, 8923, 8081, 1229, 6829, 7321, 883, 3187, 2129, 9181, 379, 5641, 2161, 3659, 6101, 4937, 2, 8447, 7477, 1933, 3259, 5303, 499, 1523, 9239, 5987, 1801, 6397, 6047, 6581, 6163, 5507, 5351, 4871, 7433, 193, 1879, 1013]
 Cantidad de primos - 74
 Primos encontrados - [6067, 6883, 4349, 6037, 2447, 6173, 9257, 4639, 6871, 2243, 6491, 6053, 3023, 1669, 4129, 7247, 373, 2137, 2417, 397, 311, 47, 7, 1277, 4549, 2833, 5743, 8161, 8059, 6803, 2999, 6007, 5953, 3457, 4273, 7823, 8923, 8081, 1229, 6829, 7321, 883, 3187, 2129, 9181, 379, 5641, 2161, 3659, 6101, 4937, 2, 8447, 7477, 1933, 3259, 5303, 499, 1523, 9239, 5987, 1801, 6397, 6047, 6581, 6163, 5507, 5351, 4871, 7433, 193, 1879, 1013, 7541]
 Cantidad de primos - 75
 Primos encontrados - [6067, 6883, 4349, 6037, 2447, 6173, 9257, 4639, 6871, 2243, 6491, 6053, 3023, 1669, 4129, 7247, 373, 2137, 2417, 397, 311, 47, 7, 1277, 4549, 2833, 5743, 8161, 8059, 6803, 2999, 6007, 5953, 3457, 4273, 7823, 8923, 8081, 1229, 6829, 7321, 883, 3187, 2129, 9181, 379, 5641, 2161, 3659, 6101, 4937, 2, 8447, 7477, 1933, 3259, 5303, 499, 1523, 9239, 5987, 1801, 6397, 6047, 6581, 6163, 5507, 5351, 4871, 7433, 193, 1879, 1013, 7541, 107]
 Cantidad de primos - 76
 Primos encontrados - [6067, 6883, 4349, 6037, 2447, 6173, 9257, 4639, 6871, 2243, 6491, 6053, 3023, 1669, 4129, 7247, 373, 2137, 2417, 397, 311, 47, 7, 1277, 4549, 2833, 5743, 8161, 8059, 6803, 2999, 6007, 5953, 3457, 4273, 7823, 8923, 8081, 1229, 6829, 7321, 883, 3187, 2129, 9181, 379, 5641, 2161, 3659, 6101, 4937, 2, 8447, 7477, 1933, 3259, 5303, 499, 1523, 9239, 5987, 1801, 6397, 6047, 6581, 6163, 5507, 5351, 4871, 7433, 193, 1879, 1013, 7541, 107, 3539]
 Cantidad de primos - 77
 Primos encontrados - [6067, 6883, 4349, 6037, 2447, 6173, 9257, 4639, 6871, 2243, 6491, 6053, 3023, 1669, 4129, 7247, 373, 2137, 2417, 397, 311, 47, 7, 1277, 4549, 2833, 5743, 8161, 8059, 6803, 2999, 6007, 5953, 3457, 4273, 7823, 8923, 8081, 1229, 6829, 7321, 883, 3187, 2129, 9181, 379, 5641, 2161, 3659, 6101, 4937, 2, 8447, 7477, 1933, 3259, 5303, 499, 1523, 9239, 5987, 1801, 6397, 6047, 6581, 6163, 5507, 5351, 4871, 7433, 193, 1879, 1013, 7541, 107, 3539, 9403]
 Cantidad de primos - 78
 Primos encontrados - [6067, 6883, 4349, 6037, 2447, 6173, 9257, 4639, 6871, 2243, 6491, 6053, 3023, 1669, 4129, 7247, 373, 2137, 2417, 397, 311, 47, 7, 1277, 4549, 2833, 5743, 8161, 8059, 6803, 2999, 6007, 5953, 3457, 4273, 7823, 8923, 8081, 1229, 6829, 7321, 883, 3187, 2129, 9181, 379, 5641, 2161, 3659, 6101, 4937, 2, 8447, 7477, 1933, 3259, 5303, 499, 1523, 9239, 5987, 1801, 6397, 6047, 6581, 6163, 5507, 5351, 4871, 7433, 193, 1879, 1013, 7541, 107, 3539, 9403, 9479]
 Cantidad de primos - 79
 Primos encontrados - [6067, 6883, 4349, 6037, 2447, 6173, 9257, 4639, 6871, 2243, 6491, 6053, 3023, 1669, 4129, 7247, 373, 2137, 2417, 397, 311, 47, 7, 1277, 4549, 2833, 5743, 8161, 8059, 6803, 2999, 6007, 5953, 3457, 4273, 7823, 8923, 8081, 1229, 6829, 7321, 883, 3187, 2129, 9181, 379, 5641, 2161, 3659, 6101, 4937, 2, 8447, 7477, 1933, 3259, 5303, 499, 1523, 9239, 5987, 1801, 6397, 6047, 6581, 6163, 5507, 5351, 4871, 7433, 193, 1879, 1013, 7541, 107, 3539, 9403, 9479, 3527]
 Cantidad de primos - 80
 Primos encontrados - [6067, 6883, 4349, 6037, 2447, 6173, 9257, 4639, 6871, 2243, 6491, 6053, 3023, 1669, 4129, 7247, 373, 2137, 2417, 397, 311, 47, 7, 1277, 4549, 2833, 5743, 8161, 8059, 6803, 2999, 6007, 5953, 3457, 4273, 7823, 8923, 8081, 1229, 6829, 7321, 883, 3187, 2129, 9181, 379, 5641, 2161, 3659, 6101, 4937, 2, 8447, 7477, 1933, 3259, 5303, 499, 1523, 9239, 5987, 1801, 6397, 6047, 6581, 6163, 5507, 5351, 4871, 7433, 193, 1879, 1013, 7541, 107, 3539, 9403, 9479, 3527, 2111]
 Cantidad de primos - 81
 Primos encontrados - [6067, 6883, 4349, 6037, 2447, 6173, 9257, 4639, 6871, 2243, 6491, 6053, 3023, 1669, 4129, 7247, 373, 2137, 2417, 397, 311, 47, 7, 1277, 4549, 2833, 5743, 8161, 8059, 6803, 2999, 6007, 5953, 3457, 4273, 7823, 8923, 8081, 1229, 6829, 7321, 883, 3187, 2129, 9181, 379, 5641, 2161, 3659, 6101, 4937, 2, 8447, 7477, 1933, 3259, 5303, 499, 1523, 9239, 5987, 1801, 6397, 6047, 6581, 6163, 5507, 5351, 4871, 7433, 193, 1879, 1013, 7541, 107, 3539, 9403, 9479, 3527, 2111, 7019]
 Cantidad de primos - 82
 Primos encontrados - [6067, 6883, 4349, 6037, 2447, 6173, 9257, 4639, 6871, 2243, 6491, 6053, 3023, 1669, 4129, 7247, 373, 2137, 2417, 397, 311, 47, 7, 1277, 4549, 2833, 5743, 8161, 8059, 6803, 2999, 6007, 5953, 3457, 4273, 7823, 8923, 8081, 1229, 6829, 7321, 883, 3187, 2129, 9181, 379, 5641, 2161, 3659, 6101, 4937, 2, 8447, 7477, 1933, 3259, 5303, 499, 1523, 9239, 5987, 1801, 6397, 6047, 6581, 6163, 5507, 5351, 4871, 7433, 193, 1879, 1013, 7541, 107, 3539, 9403, 9479, 3527, 2111, 7019, 9721]
 Cantidad de primos - 83
 Primos encontrados - [6067, 6883, 4349, 6037, 2447, 6173, 9257, 4639, 6871, 2243, 6491, 6053, 3023, 1669, 4129, 7247, 373, 2137, 2417, 397, 311, 47, 7, 1277, 4549, 2833, 5743, 8161, 8059, 6803, 2999, 6007, 5953, 3457, 4273, 7823, 8923, 8081, 1229, 6829, 7321, 883, 3187, 2129, 9181, 379, 5641, 2161, 3659, 6101, 4937, 2, 8447, 7477, 1933, 3259, 5303, 499, 1523, 9239, 5987, 1801, 6397, 6047, 6581, 6163, 5507, 5351, 4871, 7433, 193, 1879, 1013, 7541, 107, 3539, 9403, 9479, 3527, 2111, 7019, 9721, 977]
 Cantidad de primos - 84
 Primos encontrados - [6067, 6883, 4349, 6037, 2447, 6173, 9257, 4639, 6871, 2243, 6491, 6053, 3023, 1669, 4129, 7247, 373, 2137, 2417, 397, 311, 47, 7, 1277, 4549, 2833, 5743, 8161, 8059, 6803, 2999, 6007, 5953, 3457, 4273, 7823, 8923, 8081, 1229, 6829, 7321, 883, 3187, 2129, 9181, 379, 5641, 2161, 3659, 6101, 4937, 2, 8447, 7477, 1933, 3259, 5303, 499, 1523, 9239, 5987, 1801, 6397, 6047, 6581, 6163, 5507, 5351, 4871, 7433, 193, 1879, 1013, 7541, 107, 3539, 9403, 9479, 3527, 2111, 7019, 9721, 977, 2239]
 Cantidad de primos - 85
 Primos encontrados - [6067, 6883, 4349, 6037, 2447, 6173, 9257, 4639, 6871, 2243, 6491, 6053, 3023, 1669, 4129, 7247, 373, 2137, 2417, 397, 311, 47, 7, 1277, 4549, 2833, 5743, 8161, 8059, 6803, 2999, 6007, 5953, 3457, 4273, 7823, 8923, 8081, 1229, 6829, 7321, 883, 3187, 2129, 9181, 379, 5641, 2161, 3659, 6101, 4937, 2, 8447, 7477, 1933, 3259, 5303, 499, 1523, 9239, 5987, 1801, 6397, 6047, 6581, 6163, 5507, 5351, 4871, 7433, 193, 1879, 1013, 7541, 107, 3539, 9403, 9479, 3527, 2111, 7019, 9721, 977, 2239, 3221]
 Cantidad de primos - 86
 Primos encontrados - [6067, 6883, 4349, 6037, 2447, 6173, 9257, 4639, 6871, 2243, 6491, 6053, 3023, 1669, 4129, 7247, 373, 2137, 2417, 397, 311, 47, 7, 1277, 4549, 2833, 5743, 8161, 8059, 6803, 2999, 6007, 5953, 3457, 4273, 7823, 8923, 8081, 1229, 6829, 7321, 883, 3187, 2129, 9181, 379, 5641, 2161, 3659, 6101, 4937, 2, 8447, 7477, 1933, 3259, 5303, 499, 1523, 9239, 5987, 1801, 6397, 6047, 6581, 6163, 5507, 5351, 4871, 7433, 193, 1879, 1013, 7541, 107, 3539, 9403, 9479, 3527, 2111, 7019, 9721, 977, 2239, 3221, 8461]
 Cantidad de primos - 87
 Primos encontrados - [6067, 6883, 4349, 6037, 2447, 6173, 9257, 4639, 6871, 2243, 6491, 6053, 3023, 1669, 4129, 7247, 373, 2137, 2417, 397, 311, 47, 7, 1277, 4549, 2833, 5743, 8161, 8059, 6803, 2999, 6007, 5953, 3457, 4273, 7823, 8923, 8081, 1229, 6829, 7321, 883, 3187, 2129, 9181, 379, 5641, 2161, 3659, 6101, 4937, 2, 8447, 7477, 1933, 3259, 5303, 499, 1523, 9239, 5987, 1801, 6397, 6047, 6581, 6163, 5507, 5351, 4871, 7433, 193, 1879, 1013, 7541, 107, 3539, 9403, 9479, 3527, 2111, 7019, 9721, 977, 2239, 3221, 8461, 8089]
 Cantidad de primos - 88
 Primos encontrados - [6067, 6883, 4349, 6037, 2447, 6173, 9257, 4639, 6871, 2243, 6491, 6053, 3023, 1669, 4129, 7247, 373, 2137, 2417, 397, 311, 47, 7, 1277, 4549, 2833, 5743, 8161, 8059, 6803, 2999, 6007, 5953, 3457, 4273, 7823, 8923, 8081, 1229, 6829, 7321, 883, 3187, 2129, 9181, 379, 5641, 2161, 3659, 6101, 4937, 2, 8447, 7477, 1933, 3259, 5303, 499, 1523, 9239, 5987, 1801, 6397, 6047, 6581, 6163, 5507, 5351, 4871, 7433, 193, 1879, 1013, 7541, 107, 3539, 9403, 9479, 3527, 2111, 7019, 9721, 977, 2239, 3221, 8461, 8089, 3251]
 Cantidad de primos - 89
 Primos encontrados - [6067, 6883, 4349, 6037, 2447, 6173, 9257, 4639, 6871, 2243, 6491, 6053, 3023, 1669, 4129, 7247, 373, 2137, 2417, 397, 311, 47, 7, 1277, 4549, 2833, 5743, 8161, 8059, 6803, 2999, 6007, 5953, 3457, 4273, 7823, 8923, 8081, 1229, 6829, 7321, 883, 3187, 2129, 9181, 379, 5641, 2161, 3659, 6101, 4937, 2, 8447, 7477, 1933, 3259, 5303, 499, 1523, 9239, 5987, 1801, 6397, 6047, 6581, 6163, 5507, 5351, 4871, 7433, 193, 1879, 1013, 7541, 107, 3539, 9403, 9479, 3527, 2111, 7019, 9721, 977, 2239, 3221, 8461, 8089, 3251, 4073]
 Cantidad de primos - 90
 Primos encontrados - [6067, 6883, 4349, 6037, 2447, 6173, 9257, 4639, 6871, 2243, 6491, 6053, 3023, 1669, 4129, 7247, 373, 2137, 2417, 397, 311, 47, 7, 1277, 4549, 2833, 5743, 8161, 8059, 6803, 2999, 6007, 5953, 3457, 4273, 7823, 8923, 8081, 1229, 6829, 7321, 883, 3187, 2129, 9181, 379, 5641, 2161, 3659, 6101, 4937, 2, 8447, 7477, 1933, 3259, 5303, 499, 1523, 9239, 5987, 1801, 6397, 6047, 6581, 6163, 5507, 5351, 4871, 7433, 193, 1879, 1013, 7541, 107, 3539, 9403, 9479, 3527, 2111, 7019, 9721, 977, 2239, 3221, 8461, 8089, 3251, 4073, 5683]
 Cantidad de primos - 91
 Primos encontrados - [6067, 6883, 4349, 6037, 2447, 6173, 9257, 4639, 6871, 2243, 6491, 6053, 3023, 1669, 4129, 7247, 373, 2137, 2417, 397, 311, 47, 7, 1277, 4549, 2833, 5743, 8161, 8059, 6803, 2999, 6007, 5953, 3457, 4273, 7823, 8923, 8081, 1229, 6829, 7321, 883, 3187, 2129, 9181, 379, 5641, 2161, 3659, 6101, 4937, 2, 8447, 7477, 1933, 3259, 5303, 499, 1523, 9239, 5987, 1801, 6397, 6047, 6581, 6163, 5507, 5351, 4871, 7433, 193, 1879, 1013, 7541, 107, 3539, 9403, 9479, 3527, 2111, 7019, 9721, 977, 2239, 3221, 8461, 8089, 3251, 4073, 5683, 7583]
 Cantidad de primos - 92
 Primos encontrados - [6067, 6883, 4349, 6037, 2447, 6173, 9257, 4639, 6871, 2243, 6491, 6053, 3023, 1669, 4129, 7247, 373, 2137, 2417, 397, 311, 47, 7, 1277, 4549, 2833, 5743, 8161, 8059, 6803, 2999, 6007, 5953, 3457, 4273, 7823, 8923, 8081, 1229, 6829, 7321, 883, 3187, 2129, 9181, 379, 5641, 2161, 3659, 6101, 4937, 2, 8447, 7477, 1933, 3259, 5303, 499, 1523, 9239, 5987, 1801, 6397, 6047, 6581, 6163, 5507, 5351, 4871, 7433, 193, 1879, 1013, 7541, 107, 3539, 9403, 9479, 3527, 2111, 7019, 9721, 977, 2239, 3221, 8461, 8089, 3251, 4073, 5683, 7583, 9533]
 Cantidad de primos - 93
 Primos encontrados - [6067, 6883, 4349, 6037, 2447, 6173, 9257, 4639, 6871, 2243, 6491, 6053, 3023, 1669, 4129, 7247, 373, 2137, 2417, 397, 311, 47, 7, 1277, 4549, 2833, 5743, 8161, 8059, 6803, 2999, 6007, 5953, 3457, 4273, 7823, 8923, 8081, 1229, 6829, 7321, 883, 3187, 2129, 9181, 379, 5641, 2161, 3659, 6101, 4937, 2, 8447, 7477, 1933, 3259, 5303, 499, 1523, 9239, 5987, 1801, 6397, 6047, 6581, 6163, 5507, 5351, 4871, 7433, 193, 1879, 1013, 7541, 107, 3539, 9403, 9479, 3527, 2111, 7019, 9721, 977, 2239, 3221, 8461, 8089, 3251, 4073, 5683, 7583, 9533, 1439]
 Cantidad de primos - 94
 Primos encontrados - [6067, 6883, 4349, 6037, 2447, 6173, 9257, 4639, 6871, 2243, 6491, 6053, 3023, 1669, 4129, 7247, 373, 2137, 2417, 397, 311, 47, 7, 1277, 4549, 2833, 5743, 8161, 8059, 6803, 2999, 6007, 5953, 3457, 4273, 7823, 8923, 8081, 1229, 6829, 7321, 883, 3187, 2129, 9181, 379, 5641, 2161, 3659, 6101, 4937, 2, 8447, 7477, 1933, 3259, 5303, 499, 1523, 9239, 5987, 1801, 6397, 6047, 6581, 6163, 5507, 5351, 4871, 7433, 193, 1879, 1013, 7541, 107, 3539, 9403, 9479, 3527, 2111, 7019, 9721, 977, 2239, 3221, 8461, 8089, 3251, 4073, 5683, 7583, 9533, 1439, 6661]
 Cantidad de primos - 95
 Primos encontrados - [6067, 6883, 4349, 6037, 2447, 6173, 9257, 4639, 6871, 2243, 6491, 6053, 3023, 1669, 4129, 7247, 373, 2137, 2417, 397, 311, 47, 7, 1277, 4549, 2833, 5743, 8161, 8059, 6803, 2999, 6007, 5953, 3457, 4273, 7823, 8923, 8081, 1229, 6829, 7321, 883, 3187, 2129, 9181, 379, 5641, 2161, 3659, 6101, 4937, 2, 8447, 7477, 1933, 3259, 5303, 499, 1523, 9239, 5987, 1801, 6397, 6047, 6581, 6163, 5507, 5351, 4871, 7433, 193, 1879, 1013, 7541, 107, 3539, 9403, 9479, 3527, 2111, 7019, 9721, 977, 2239, 3221, 8461, 8089, 3251, 4073, 5683, 7583, 9533, 1439, 6661, 9803]
 Cantidad de primos - 96
 Primos encontrados - [6067, 6883, 4349, 6037, 2447, 6173, 9257, 4639, 6871, 2243, 6491, 6053, 3023, 1669, 4129, 7247, 373, 2137, 2417, 397, 311, 47, 7, 1277, 4549, 2833, 5743, 8161, 8059, 6803, 2999, 6007, 5953, 3457, 4273, 7823, 8923, 8081, 1229, 6829, 7321, 883, 3187, 2129, 9181, 379, 5641, 2161, 3659, 6101, 4937, 2, 8447, 7477, 1933, 3259, 5303, 499, 1523, 9239, 5987, 1801, 6397, 6047, 6581, 6163, 5507, 5351, 4871, 7433, 193, 1879, 1013, 7541, 107, 3539, 9403, 9479, 3527, 2111, 7019, 9721, 977, 2239, 3221, 8461, 8089, 3251, 4073, 5683, 7583, 9533, 1439, 6661, 9803, 3299]
 Cantidad de primos - 97
 Primos encontrados - [6067, 6883, 4349, 6037, 2447, 6173, 9257, 4639, 6871, 2243, 6491, 6053, 3023, 1669, 4129, 7247, 373, 2137, 2417, 397, 311, 47, 7, 1277, 4549, 2833, 5743, 8161, 8059, 6803, 2999, 6007, 5953, 3457, 4273, 7823, 8923, 8081, 1229, 6829, 7321, 883, 3187, 2129, 9181, 379, 5641, 2161, 3659, 6101, 4937, 2, 8447, 7477, 1933, 3259, 5303, 499, 1523, 9239, 5987, 1801, 6397, 6047, 6581, 6163, 5507, 5351, 4871, 7433, 193, 1879, 1013, 7541, 107, 3539, 9403, 9479, 3527, 2111, 7019, 9721, 977, 2239, 3221, 8461, 8089, 3251, 4073, 5683, 7583, 9533, 1439, 6661, 9803, 3299, 2521]
 Cantidad de primos - 98
 Primos encontrados - [6067, 6883, 4349, 6037, 2447, 6173, 9257, 4639, 6871, 2243, 6491, 6053, 3023, 1669, 4129, 7247, 373, 2137, 2417, 397, 311, 47, 7, 1277, 4549, 2833, 5743, 8161, 8059, 6803, 2999, 6007, 5953, 3457, 4273, 7823, 8923, 8081, 1229, 6829, 7321, 883, 3187, 2129, 9181, 379, 5641, 2161, 3659, 6101, 4937, 2, 8447, 7477, 1933, 3259, 5303, 499, 1523, 9239, 5987, 1801, 6397, 6047, 6581, 6163, 5507, 5351, 4871, 7433, 193, 1879, 1013, 7541, 107, 3539, 9403, 9479, 3527, 2111, 7019, 9721, 977, 2239, 3221, 8461, 8089, 3251, 4073, 5683, 7583, 9533, 1439, 6661, 9803, 3299, 2521, 5009]
 Cantidad de primos - 99
 Primos encontrados - [6067, 6883, 4349, 6037, 2447, 6173, 9257, 4639, 6871, 2243, 6491, 6053, 3023, 1669, 4129, 7247, 373, 2137, 2417, 397, 311, 47, 7, 1277, 4549, 2833, 5743, 8161, 8059, 6803, 2999, 6007, 5953, 3457, 4273, 7823, 8923, 8081, 1229, 6829, 7321, 883, 3187, 2129, 9181, 379, 5641, 2161, 3659, 6101, 4937, 2, 8447, 7477, 1933, 3259, 5303, 499, 1523, 9239, 5987, 1801, 6397, 6047, 6581, 6163, 5507, 5351, 4871, 7433, 193, 1879, 1013, 7541, 107, 3539, 9403, 9479, 3527, 2111, 7019, 9721, 977, 2239, 3221, 8461, 8089, 3251, 4073, 5683, 7583, 9533, 1439, 6661, 9803, 3299, 2521, 5009, 7309]
 Cantidad de primos - 100
 Primos encontrados - [6067, 6883, 4349, 6037, 2447, 6173, 9257, 4639, 6871, 2243, 6491, 6053, 3023, 1669, 4129, 7247, 373, 2137, 2417, 397, 311, 47, 7, 1277, 4549, 2833, 5743, 8161, 8059, 6803, 2999, 6007, 5953, 3457, 4273, 7823, 8923, 8081, 1229, 6829, 7321, 883, 3187, 2129, 9181, 379, 5641, 2161, 3659, 6101, 4937, 2, 8447, 7477, 1933, 3259, 5303, 499, 1523, 9239, 5987, 1801, 6397, 6047, 6581, 6163, 5507, 5351, 4871, 7433, 193, 1879, 1013, 7541, 107, 3539, 9403, 9479, 3527, 2111, 7019, 9721, 977, 2239, 3221, 8461, 8089, 3251, 4073, 5683, 7583, 9533, 1439, 6661, 9803, 3299, 2521, 5009, 7309, 2609]