Primos encontrados Thread0
[]
Primos encontrados Thread1
[227, 367]
Primos encontrados Thread2
[463, 193, 643]
Primos encontrados Thread3
[853, 251, 179]
Primos encontrados Thread4
[449, 569, 127]
Primos encontrados Thread5
[103, 991, 283]
Primos encontrados Thread6
[797, 691]
Primos encontrados Thread7
[337]
Primos encontrados Thread8
[]
Primos encontrados Thread9
[109]
Primos encontrados Thread0
[]
Primos encontrados Thread5
[103, 991, 283]
Primos encontrados Thread2
[463, 193, 643]
Primos encontrados Thread3
[853, 251, 179]
Primos encontrados Thread4
[449, 569, 127]
Primos encontrados Thread1
[227, 367]
Primos encontrados Thread6
[797, 691]
Primos encontrados Thread7
[337]
Primos encontrados Thread8
[]
Primos encontrados Thread9
[109]
Primos encontrados Thread0
[227, 367, 463, 193, 643, 853, 251, 179, 449, 569, 127, 103, 991, 283, 797, 691, 337, 109, 431, 113, 283, 907, 829, 163, 433, 887, 181, 443, 103, 103, 773, 607, 971, 617, 167, 571, 349, 127, 523, 223, 571, 743, 643, 787, 877, 419, 151, 239, 131, 983, 379, 457, 313, 937, 337, 449, 347, 311, 683, 467, 859, 193, 773, 433, 653, 773, 919, 683, 571, 863, 347, 313, 263, 877, 479, 557, 211, 653, 797, 509, 227, 751, 409, 673, 761, 929, 389, 499, 757, 857, 541, 107, 569, 263, 419, 983, 127, 787, 883, 577, 947, 709, 199, 479, 101, 197, 367, 701, 383, 223, 757, 467, 181, 911, 487, 277, 859, 173, 971, 401, 439, 439, 239, 307, 211, 613, 211, 751, 223, 859, 349, 787, 421, 857, 499, 701, 619, 983, 313, 281, 757, 947, 367, 113, 593, 751, 113, 521, 857, 499, 379, 307, 431, 211, 113, 557, 439, 677, 499, 379, 829, 199]
Primos encontrados Thread1
[887, 557, 269, 521, 523, 659, 181, 283, 593, 191, 461, 569, 829, 883, 937, 461, 199, 461, 967, 397, 613, 991, 439, 953, 449, 337, 971, 577, 239, 577, 461, 991, 827, 223, 709, 769, 457, 263, 757, 227, 929, 827, 137, 811, 409, 823, 887, 467, 557, 829, 409, 523, 109, 211, 107, 109, 263, 997, 193, 563, 467, 211, 271, 421, 811, 769, 509, 977, 907, 101, 383, 953, 373, 389, 103, 193, 911, 107, 991, 853, 503, 863, 967, 101, 353, 461, 491, 659, 929, 439, 971, 383, 239, 617, 757, 367, 907, 263, 907, 467, 127, 263, 853, 409, 229, 467, 283, 677, 191, 491, 967, 659, 101, 547, 373, 389, 197, 971, 887, 683, 701, 677, 439, 883, 619, 359, 367, 359, 631, 827, 431, 787, 149, 151, 857, 709, 773, 227, 431, 137, 911, 157, 673, 607, 421, 739, 683, 401, 857, 983, 937, 251, 241, 463, 587, 347, 673, 523, 241, 907, 739, 757, 521]
Primos encontrados Thread2
[743, 853, 797, 661, 479, 103, 337, 139, 491, 167, 887, 137, 373, 601, 967, 239, 971, 359, 107, 677, 827, 433, 877, 103, 103, 971, 389, 719, 401, 257, 251, 151, 821, 997, 307, 673, 353, 313, 883, 139, 367, 593, 163, 353, 379, 353, 991, 383, 461, 227, 853, 829, 167, 593, 139, 251, 197, 673, 883, 547, 163, 331, 907, 991, 211, 443, 101, 709, 409, 137, 983, 421, 631, 373, 229, 163, 829, 653, 293, 607, 179, 397, 521, 439, 607, 317, 691, 919, 379, 853, 569, 941, 557, 199, 811, 563, 421, 937, 239, 887, 293, 809, 613, 433, 587, 139, 239, 109, 853, 787, 509, 127, 859, 907, 359, 563, 907, 677, 577, 191, 421, 719, 107, 563, 653, 547, 509, 883, 883, 181, 383, 601, 173, 211, 127, 349, 691, 631, 991, 587, 761, 947, 257, 607, 271, 211, 863, 797, 821, 509, 631, 919, 491, 317, 131, 137, 521, 859, 149, 587, 293]
Primos encontrados Thread3
[587, 907, 401, 941, 277, 181, 607, 631, 619, 107, 719, 887, 317, 223, 823, 421, 193, 271, 167, 733, 617, 193, 857, 863, 563, 787, 701, 809, 521, 199, 743, 709, 383, 839, 907, 757, 947, 131, 619, 443, 271, 353, 409, 643, 257, 223, 859, 349, 479, 541, 521, 173, 479, 397, 839, 389, 127, 877, 853, 401, 439, 521, 853, 283, 677, 499, 359, 197, 661, 199, 463, 797, 691, 701, 487, 709, 709, 109, 977, 443, 347, 271, 607, 797, 503, 683, 383, 613, 389, 709, 397, 239, 373, 307, 359, 787, 277, 509, 853, 349, 433, 191, 761, 677, 163, 673, 191, 563, 547, 373, 839, 593, 823, 691, 109, 439, 829, 457, 907, 163, 739, 827, 401, 881, 367, 757, 109, 643, 307, 761, 821, 401, 829, 163, 181, 179, 449, 971, 683, 157, 661, 457, 743, 587, 151, 967, 229, 983, 131, 113, 761, 337, 151, 461, 919, 331, 919, 317, 587, 283, 953]
Primos encontrados Thread4
[191, 239, 311, 379, 421, 167, 347, 719, 757, 173, 211, 571, 593, 461, 173, 457, 137, 457, 881, 827, 503, 487, 659, 761, 809, 347, 337, 811, 911, 443, 233, 491, 617, 271, 887, 607, 349, 857, 347, 577, 647, 487, 929, 233, 419, 113, 821, 283, 367, 593, 419, 673, 661, 769, 811, 239, 307, 491, 937, 239, 839, 263, 821, 613, 883, 593, 461, 509, 907, 757, 541, 643, 461, 347, 317, 191, 907, 863, 317, 311, 223, 233, 383, 577, 719, 223, 353, 947, 487, 743, 719, 179, 983, 421, 103, 631, 967, 271, 563, 503, 947, 947, 859, 109, 241, 557, 113, 863, 563, 523, 227, 431, 179, 541, 857, 373, 311, 937, 223, 401, 953, 547, 733, 599, 101, 317, 977, 503, 101, 593, 421, 797, 419, 683, 359, 521, 883, 919, 881, 983, 271, 103, 641, 701, 431, 509, 457, 431, 227, 683, 241, 157, 331, 379, 163, 607, 487, 487, 263, 503, 857, 971, 919, 769, 653, 863, 137, 383, 991]
Primos encontrados Thread5
[967, 487, 751, 277, 197, 433, 197, 911, 431, 439, 211, 941, 701, 641, 113, 139, 241, 709, 421, 677, 641, 401, 593, 503, 701, 907, 701, 293, 929, 601, 607, 631, 461, 953, 419, 773, 359, 181, 827, 367, 883, 439, 113, 751, 317, 769, 607, 307, 761, 163, 877, 269, 281, 787, 509, 431, 283, 859, 487, 239, 727, 443, 677, 433, 421, 971, 863, 563, 811, 683, 283, 709, 541, 827, 457, 167, 499, 223, 823, 199, 227, 443, 883, 829, 829, 503, 331, 467, 443, 337, 577, 661, 271, 827, 719, 769, 827, 887, 569, 857, 293, 733, 293, 193, 743, 467, 109, 727, 223, 349, 359, 599, 317, 353, 509, 863, 491, 751, 521, 409, 547, 617, 263, 757, 157, 557, 587, 311, 313, 859, 521, 991, 373, 919, 193, 193, 647, 433, 419, 373, 997, 701, 829, 947, 997, 431, 613, 547, 463, 661]
Primos encontrados Thread6
[613, 139, 439, 563, 277, 971, 503, 571, 977, 881, 947, 383, 563, 163, 751, 443, 359, 113, 677, 359, 331, 193, 131, 907, 239, 641, 947, 613, 953, 643, 661, 113, 797, 971, 431, 947, 617, 839, 853, 223, 659, 367, 967, 827, 311, 683, 271, 859, 307, 487, 293, 919, 283, 271, 229, 563, 761, 521, 443, 107, 199, 233, 107, 101, 887, 743, 449, 337, 461, 757, 443, 641, 607, 577, 467, 271, 701, 757, 967, 983, 239, 137, 821, 557, 179, 457, 349, 101, 827, 431, 701, 157, 271, 359, 761, 947, 709, 191, 241, 467, 661, 499, 607, 839, 937, 463, 977, 883, 367, 347, 457, 859, 577, 877, 881, 281, 947, 701, 149, 809, 643, 863, 397, 541, 257, 257, 983, 547, 757, 863, 409, 151, 149, 103, 251, 503, 953, 761, 911, 103, 373, 563, 797, 397, 599, 167, 383, 137, 211, 499, 173, 313, 797, 277, 761, 599, 733, 409]
Primos encontrados Thread7
[641, 401, 241, 229, 523, 523, 389, 877, 691, 647, 311, 719, 911, 911, 379, 659, 881, 271, 491, 653, 631, 113, 157, 331, 281, 293, 809, 773, 109, 929, 389, 233, 113, 997, 881, 641, 331, 641, 761, 307, 587, 929, 307, 491, 431, 463, 839, 523, 829, 367, 479, 563, 311, 151, 107, 593, 719, 761, 313, 863, 487, 503, 757, 241, 443, 307, 823, 197, 577, 683, 331, 673, 433, 547, 281, 401, 101, 853, 277, 857, 691, 379, 983, 919, 601, 199, 491, 547, 139, 733, 719, 809, 251, 163, 673, 499, 727, 227, 607, 401, 317, 313, 101, 227, 601, 251, 409, 647, 797, 947, 761, 887, 983, 683, 311, 257, 337, 673, 661, 151, 359, 163, 193, 173, 167, 137, 113, 251, 313, 179, 449, 197, 617, 337, 277, 419, 877, 619, 563, 773, 379, 853, 743, 683, 719, 691, 719, 509, 521, 953, 743, 617, 109, 883, 317, 421]
Primos encontrados Thread8
[239, 271, 223, 269, 719, 509, 467, 883, 499, 241, 967, 727, 107, 593, 487, 211, 109, 523, 751, 839, 397, 907, 521, 619, 907, 877, 541, 911, 443, 101, 163, 491, 907, 101, 191, 443, 223, 617, 809, 907, 563, 859, 997, 131, 823, 359, 433, 139, 503, 241, 311, 281, 947, 587, 757, 277, 101, 359, 167, 499, 401, 659, 199, 683, 349, 607, 977, 107, 449, 827, 733, 971, 103, 809, 373, 523, 787, 193, 823, 997, 743, 193, 199, 809, 193, 269, 359, 827, 887, 257, 463, 227, 947, 701, 107, 827, 661, 107, 353, 349, 271, 509, 457, 113, 313, 103, 613, 997, 157, 461, 401, 463, 971, 523, 421, 107, 457, 953, 373, 821, 521, 977, 101, 373, 479, 139, 317, 827, 281, 769, 883, 641, 919, 181, 751, 157, 277, 677, 433, 401, 263, 673, 107, 317, 677, 151, 691, 593, 733, 337, 757, 907, 103, 547, 367, 197, 193, 383, 541, 911, 239, 691]
Primos encontrados Thread9
[751, 467, 773, 971, 109, 317, 103, 109, 613, 509, 569, 683, 991, 619, 127, 113, 709, 751, 991, 109, 311, 863, 419, 797, 619, 431, 599, 683, 823, 797, 271, 379, 373, 233, 541, 113, 151, 811, 947, 733, 881, 421, 509, 131, 401, 257, 461, 571, 293, 827, 733, 521, 659, 239, 149, 199, 761, 359, 421, 367, 457, 157, 457, 967, 797, 751, 197, 283, 191, 523, 433, 601, 359, 827, 541, 827, 173, 661, 139, 359, 757, 227, 887, 641, 683, 907, 167, 547, 521, 547, 347, 647, 727, 887, 709, 349, 383, 887, 443, 839, 787, 673, 643, 991, 151, 541, 727, 127, 877, 929, 349, 967, 947, 199, 691, 307, 557, 521, 859, 569, 797, 191, 313, 311, 829, 877, 863, 821, 509, 709, 149, 223, 641, 751, 461, 227, 769, 101, 571, 401, 499, 139, 647, 823, 733, 929, 463, 257, 199, 271, 359, 587, 337, 601, 557, 353, 419, 509, 311]
